1111111 nonos

1911111993, 914 31, 9
191119119933, 15
facesso 13, 9
19919919147013
facinus 71, 8
1991910 66 3, 90,164111·1011111
19119119163, 7
famulus 39 5
fecunditas 94, 8
ferinus 11, 19
festino 76, 64 80, 5

· fidelis 114, 3
fides 105, 104 1114 3, 144 119, 9,

7111414

figmentum 11, 14 94, 14 39, 44

881 14

tignra 19, 94 98, 114 32, 171711

91 7811
1131110 93, 15
firmamentum 96, 8
firmo 59, 1119151 107, 15 9ο
firmus 84, 4
flagro 110, 4
flagrum 30, 7
foedero 43, 9
1091111991, 3
fons 108, 10
10111980, 184 81, 34 89, 1
formula 56, 99
frag ilis 87,

119311199181436,114 381174
44, 44 47, 90, 49, 914 69, 104

63,11489,3491,16499,4
11911988, 1
1111911931,6486,941ο3,9
ineat tus 31, 10
¹ fnlci06o,8

fulgor 9, 94
furor 99, 98
11111111881
1191191037

66⁷ 14

genero 36, 64 66, 994 119, 13
generositas 99, 99

3919109119 81, 1

gens 106, 10, 19 (91)

39119 933 33, 194 40, 934 8444

8834166,144109,34 190,10
399110 39, 934 106,13
313109, 18; 13, 94 389 81 8
87,164117,14119,47 19043
191,194193,1
3101196314 83, 19
gloriosus 47, 16

(1010111966, 5

gradatim 69, 194 199, 19
grassor 34, 19

gratia 1,108 9191.)
gubernatio 108, 1

gyms 10, 6

Habaonc411

habito 77, 194 108,6

1191111119 90, 134 80, 8
haeresis4o,5;1 416, 49,41 76, 4
199191190911, 94 93, 914 31,9

995 5516918189
10438,10464,8 463,,903

19111111815811
83,4,4,4,438610881907

94,3·97a10041055
110, 74 111, 64 119,14 113, 7·
11418

haesitatio 69, 10

1999119991 ⁵³ 195

1191199909, 1

hereditas 109, 6

11011077,90478,,1
80, 9,164 89,
9,1741111011.118

honestus 17, 14

honor 84, 9191)

honorifico 96, 9

hospes 65 134 66, 18

hosp 191199 66, 9

humanitas 78, 8

1111111199 64 14 83, 3

Iacob 68, 174 7o,9 ; 71, 44 72,16;
31 14

iae9tantia 11, 9

iactura 39,9

1911 93, 19

1119119014,90;34,1449,147
190419

idem atque ipse 87 14 98, 11, 99

identidem 100, 6

ideo7‚3 3144 164133,
16,134 7,·116 9,9943361
498 4,46310 71,49 9041 119,
1741913

Iesus 110,17

ignorantia 4, 11

illicitus 110, 4

illuminator 107, 16

imago 3, 11433, 14 60, 34 69, 94

¹ 631917097177111801151109,

144 103, 99114 103, 9,

 

