LA TIN WORDS

inuigem 16, 154 39, 14 91, 34

9, 11

inuidia 4, 64 5, 14 13,15

1111ὶὰ111111 51, 11

inuiolatus 111, 8

inuisibilis 11, 34 14, 14 61, 1ο;
66, 11483114 111, 184 116, 14
119, 16

1111111111111165, 11

1111111111 47, 1

11111146, 114 73, 6

1111111141, 54 58, 134 61, 44 68, 4

Ioannes Baptista 47, 7

11111161

1111411171, 15

141118(411111”11)4 14, 84 (atque) ipse
mnfflfflmmmm
98, 11, 1341119111141115, 11

iracundiae 17, 13

1111119314

11111139194 9514 111, 13; 118,

11111111 644

11111171, 14

Iudaeus 48, 18; 51, 11

, Iudaicus 5ο, 33 991 3

inngo 5ο, 14 56, 114 9ο, 15

mre 111, 9

11113, 764 34, 11493, 164 111, 114
111,

1111111694

largus 15, 1

1111111136

1111179184 8ο, 1

1111111751 ¹

legitimus 1, 84 16, 84 53, 74 88,
194 91, 14; 114174 [1111111111

“ lenitas 11, 13

lex 3, 7, 184 19, 84 11, 54 17, 1ος
3414 37, 14 51, 114 116, 11,

¹ 1111368113
1111113154 4, 1
1111111113, 164 4,1
“ liudonem.)
1111111111111111117, 74 9ο, 6
librorum
lingua 107, 13
1111111111111119,94 11, 15
litterae 44, 114 94, 14 115, 114
113, 11
11111151
locuples 14, 11

F. N.

W

locupleto 81, 11

1111161461,15464,18;69,11;
81, 54 1111111 93, 13

lubricus 71, 1ο

1111187, ro

lucidus 9, 7

lucifer 71, 1

111111 7ο, 9

lumen 100, 54 115, 8

luminare 59, 54 63, 6

mundaumuffum
63³ 35 Π015

luxuriosus 111, 5 7

machinor 94, 4

magister 91, 74 117, 114 115, 4

maiestas 7, 184 8, 114 9, 114 11, 34
Qmffifffflmwmm&

1 1 *a

1111111114, 1ο

malignus 5, 1

1111111175, 5

1111111163, 184 75, 5

Mambre 65, 11

Monaeses 71, 13

11111111111113, 16414, 114 76134
113, 11

111111111185, 1

1111111111 113, 1

1111111111 do 35, 7

1111118314, 154 111, 15

martyr 111, 3

martyrium 91, 15

1111111117, 1ος 18,14 16,8; 35, 84
mffimwnmmffim3

,11 ,

1111913111 1, 84 17,13; 111, 11

mediator· 46,144 78, 94 85, 14;
113, 14; 113, 34 11111111. 111

medicina 17, 17

medietas 16, 11

1111111113, 14 11, 84 63, 7

1181111111138, 16171114 61, 114
63) Ili 65³ '²3

mediocriter 117, 1

meditor 65, 15

memini 81, 114 83, 14; 97, 84 98,
44 99114 11311

11111117,1149,18413,1; 1111111111111

mensura 75, 114 118, 7

mensurnus 1,6

mentior 49, 114 51, 3461, 7

mereor 116, 11

1111111111141, 1ο

10

 

